plain stacking: [0.89494428719997021, 0.89648666260867815, 0.89801766891927204, 0.89578434621709002, 0.89678434518399819]
plain logreg: [0.8664216   0.86957101  0.87028721  0.86722893  0.86961082]
plain nb: [0.88313582  0.88361089  0.88408695  0.88257296  0.88376541]

title only nb: [0.85044989  0.85012321  0.84913846  0.85146307  0.85034268]
title + desc nb: [ 0.89598285  0.89852257  0.8949134   0.89655036  0.89667679]

title + desc + ngrams(1,2): [ 0.92630284  0.92757106  0.92564329  0.92692516  0.92661625]

aspell nb: [ 0.87564765  0.87643165  0.87702464  0.87499695  0.87643686]
aspell logreg: [ 0.86674452  0.87038672  0.8711062   0.86756612  0.8701003 ]
aspell logreg tfidf: [ 0.83037352  0.82988243  0.82982845  0.83055864  0.83046159]


Different vectorizers
Бытовая электроника [ 0.23984706  0.23876088  0.23743166  0.23946745  0.24163137]
Для бизнеса [ 0.49350196  0.49397486  0.49608312  0.49711396  0.50171527]
Для дома и дачи [ 0.22453743  0.22832943  0.22515091  0.22750292  0.22769999]
Животные [ 0.18119722  0.18159212  0.18185526  0.18789935  0.18148347]
Личные вещи [ 0.41827354  0.41908397  0.4187971   0.41919748  0.41885231]
Недвижимость [ 0.16254778  0.159675    0.13902979  0.16328286  0.16537306]
Работа [ 0.39632444  0.39595442  0.39759828  0.39640079  0.39594866]
Транспорт [ 0.29731988  0.29500126  0.29599695  0.29765233  0.29558763]
Услуги [ 0.77733232  0.77835174  0.77847732  0.778711    0.77745724]
Хобби и отдых [ 0.66127106  0.66001556  0.65012649  0.65274498  0.66784668]

Same vectorizer
Бытовая электроника 0.096092966258 [ 0.39123121  0.37887578  0.39167635  0.39313528  0.38975425]
Для бизнеса 0.0169616164771 [ 0.49943584  0.49892961  0.50194068  0.5020436   0.50376864]
Для дома и дачи 0.0560745043622 [ 0.36402118  0.3631709   0.35883532  0.3648121   0.36776667]
Животные 0.0299938226737 [ 0.32188722  0.30955882  0.31471911  0.32380566  0.32046245]
Личные вещи 0.150406632266 [ 0.64158696  0.64272807  0.64149764  0.64127669  0.64366439]
Недвижимость 0.287488211018 [ 0.24282758  0.20233062  0.207209    0.21534861  0.27578036]
Работа 0.0624933671334 [ 0.60678787  0.60554631  0.60723107  0.60810834  0.60504024]
Транспорт 0.171167254364 [ 0.52807327  0.52494144  0.5284185   0.52700205  0.52027211]
Услуги 0.0799430624721 [ 0.7932256   0.79422129  0.79472901  0.7947362   0.79387932]
Хобби и отдых 0.0493785629757 [ 0.68698541  0.68439564  0.68390104  0.68279696  0.68575985]