113 -73.416206 33.416687
122 -59.602242 38.489067
132 -68.018288 18.676970
143 -80.582848 8.095787
213 -56.595154 17.019251
222 -44.599728 17.543873
232 -47.416420 -0.216784
243 -59.280643 -2.761772
313 -39.790501 47.430138
322 -38.014336 32.768585
333 -27.679966 28.868065
343 -49.684467 34.078434
413 -32.997990 15.607347
422 -21.084751 13.953575
432 -21.930935 -0.085500
443 -34.824663 0.362587
513 -27.861498 55.439636
523 -15.506709 59.619865
532 -14.616095 49.308380
542 -27.240477 43.863430
613 -14.782405 38.147827
622 -2.967276 27.260933
633 -9.094766 14.700909
642 -15.199021 26.631405
713 -9.246834 1.693846
723 3.314525 1.573887
733 3.387173 -10.588106
743 -9.422897 -10.519942
813 -2.962408 61.007698
822 -2.965545 50.641838
913 9.504830 59.655254
923 21.967310 55.408710
932 21.254196 43.889683
942 8.661931 49.358044
1013 -2.967087 39.669956
1023 8.751018 38.154079
1032 9.123913 26.648697
1043 3.200539 14.795620
1112 15.014965 13.912239
1123 26.958527 15.562130
1133 28.757563 0.227141
1142 15.882982 0.037700
1213 33.958897 47.388790
1223 43.923473 33.914738
1232 32.014336 32.768585
1243 21.600079 28.898149
1312 38.599728 17.543867
1323 50.558392 16.887651
1333 53.420483 -2.919475
1342 41.371586 -0.216817
1412 53.704369 38.563030
1423 67.119286 33.843739
1433 74.438919 8.335863
1442 61.883209 18.562304
1512 -71.298943 -4.707253
1522 -67.281609 -25.407852
1533 -71.702820 -40.152336
1543 -79.907913 -17.418098
1613 -56.916454 -20.312164
1622 -45.631779 -16.320436
1632 -37.896103 -30.578358
1643 -48.859089 -36.176094
1713 -56.796040 -59.082275
1722 -57.188797 -44.057373
1732 -41.902962 -58.279526
1743 -37.408134 -72.449036
1813 -33.801163 -13.768716
1822 -21.685101 -12.619589
1832 -9.600111 -22.190945
1843 -24.483526 -26.850609
1912 -25.866816 -40.850040
1923 -20.513481 -56.355225
1932 -23.428471 -67.375893
1943 -36.237587 -48.444530
2013 -10.441930 -34.308243
2023 4.357624 -34.289736
2032 4.645295 -46.290749
2042 -10.645079 -46.244335
2113 -3.052351 -58.889515
2122 -2.999999 -70.362061
2133 8.918572 -79.441826
2143 -14.987089 -79.428932
2212 15.641460 -12.579389
2223 27.786499 -13.669980
2233 18.501518 -26.949615
2242 3.641699 -22.206125
2312 19.852789 -40.871220
2323 30.078903 -48.474960
2332 17.363274 -67.365387
2343 14.329920 -56.380260
2412 39.644810 -16.175139
2423 50.812263 -20.401899
2433 42.694180 -36.278580
2442 31.896111 -30.578348
2512 35.812634 -58.300888
2522 51.171906 -43.981274
2533 50.704624 -59.132656
2543 31.320171 -72.484848
2612 65.137360 -4.702045
2623 73.822243 -17.329140
2633 65.490112 -40.332645
2642 61.220192 -25.385981
