112 -73.416206 38.416687
123 -59.602242 43.489067
133 -68.018288 23.676970
142 -80.582848 13.095787
212 -56.595154 22.019251
223 -44.599728 22.543873
233 -47.416420 4.783216
242 -59.280643 2.238228
312 -39.790501 52.430138
323 -38.014336 37.768585
332 -27.679966 33.868065
342 -49.684467 39.078434
412 -32.997990 20.607347
423 -21.084751 18.953575
433 -21.930935 4.914500
442 -34.824663 5.362587
512 -27.861498 60.439636
522 -15.506709 64.619865
533 -14.616095 54.308380
543 -27.240477 48.863430
612 -14.782405 43.147827
623 -2.967276 32.260933
632 -9.094766 19.700909
643 -15.199021 31.631405
712 -9.246834 6.693846
722 3.314525 6.573887
732 3.387173 -5.588106
742 -9.422897 -5.519942
812 -2.962408 66.007698
823 -2.965545 55.641838
912 9.504830 64.655254
922 21.967310 60.408710
933 21.254196 48.889683
943 8.661931 54.358044
1012 -2.967087 44.669956
1022 8.751018 43.154079
1033 9.123913 31.648697
1042 3.200539 19.795620
1113 15.014965 18.912239
1122 26.958527 20.562130
1132 28.757563 5.227141
1143 15.882982 5.037700
1212 33.958897 52.388790
1222 43.923473 38.914738
1233 32.014336 37.768585
1242 21.600079 33.898149
1313 38.599728 22.543867
1322 50.558392 21.887651
1332 53.420483 2.080525
1343 41.371586 4.783183
1413 53.704369 43.563030
1422 67.119286 38.843739
1432 74.438919 13.335863
1443 61.883209 23.562304
1513 -71.298943 0.292747
1523 -67.281609 -20.407852
1532 -71.702820 -35.152336
1542 -79.907913 -12.418098
1612 -56.916454 -15.312164
1623 -45.631779 -11.320436
1633 -37.896103 -25.578358
1642 -48.859089 -31.176094
1712 -56.796040 -54.082275
1723 -57.188797 -39.057373
1733 -41.902962 -53.279526
1742 -37.408134 -67.449036
1812 -33.801163 -8.768716
1823 -21.685101 -7.619589
1833 -9.600111 -17.190945
1842 -24.483526 -21.850609
1913 -25.866816 -35.850040
1922 -20.513481 -51.355225
1933 -23.428471 -62.375893
1942 -36.237587 -43.444530
2012 -10.441930 -29.308243
2022 4.357624 -29.289736
2033 4.645295 -41.290749
2043 -10.645079 -41.244335
2112 -3.052351 -53.889515
2123 -2.999999 -65.362061
2132 8.918572 -74.441826
2142 -14.987089 -74.428932
2213 15.641460 -7.579389
2222 27.786499 -8.669980
2232 18.501518 -21.949615
2243 3.641699 -17.206125
2313 19.852789 -35.871220
2322 30.078903 -43.474960
2333 17.363274 -62.365387
2342 14.329920 -51.380260
2413 39.644810 -11.175139
2422 50.812263 -15.401899
2432 42.694180 -31.278580
2443 31.896111 -25.578348
2513 35.812634 -53.300888
2523 51.171906 -38.981274
2532 50.704624 -54.132656
2542 31.320171 -67.484848
2613 65.137360 0.297955
2622 73.822243 -12.329140
2632 65.490112 -35.332645
2643 61.220192 -20.385981
