81 0 0
65 0 1
62 0 2
56 0 3
57 0 4
3 0 5
0 0 6
1 0 7
8 0 8
16 0 9
17 0 10
28 0 11
30 0 12
31 0 13
42 0 14
43 0 15
50 0 16
80 1 0
79 1 1
72 1 2
64 1 3
63 1 4
55 1 5
54 1 6
2 1 7
11 1 8
19 1 9
18 1 10
29 1 11
33 1 12
32 1 13
44 1 14
53 1 15
51 1 16
97 2 0
88 2 1
78 2 2
71 2 3
73 2 4
61 2 5
58 2 6
7 2 7
4 2 8
9 2 9
10 2 10
20 2 11
34 2 12
35 2 13
45 2 14
46 2 15
47 2 16
94 3 0
89 3 1
76 3 2
77 3 3
70 3 4
60 3 5
59 3 6
6 3 7
5 3 8
23 3 9
21 3 10
36 3 11
39 3 12
49 3 13
48 3 14
52 3 15
98 3 16
96 4 0
87 4 1
86 4 2
75 4 3
74 4 4
69 4 5
66 4 6
15 4 7
12 4 8
13 4 9
22 4 10
37 4 11
38 4 12
40 4 13
90 4 14
91 4 15
101 4 16
95 5 0
92 5 1
93 5 2
84 5 3
85 5 4
68 5 5
67 5 6
14 5 7
27 5 8
24 5 9
25 5 10
26 5 11
41 5 12
82 5 13
83 5 14
100 5 15
99 5 16