65 0 0
62 0 1
56 0 2
57 0 3
54 0 4
3 0 5
2 0 6
0 0 7
72 1 0
64 1 1
63 1 2
55 1 3
58 1 4
7 1 5
4 1 6
1 1 7
81 2 0
73 2 1
61 2 2
60 2 3
59 2 4
6 2 5
5 2 6
11 2 7
79 3 0
71 3 1
70 3 2
69 3 3
66 3 4
15 3 5
12 3 6
9 3 7
80 4 0
78 4 1
77 4 2
74 4 3
68 4 4
67 4 5
14 4 6
13 4 7
88 5 0
89 5 1
76 5 2
75 5 3
85 5 4
27 5 5
24 5 6
22 5 7
97 6 0
94 6 1
87 6 2
86 6 3
84 6 4
26 6 5
25 6 6
10 6 7
96 7 0
93 7 1
82 7 2
41 7 3
37 7 4
23 7 5
8 7 6
19 7 7
95 8 0
92 8 1
83 8 2
40 8 3
38 8 4
21 8 5
20 8 6
16 8 7
100 9 0
90 9 1
49 9 2
39 9 3
36 9 4
34 9 5
18 9 6
17 9 7
101 10 0
91 10 1
48 10 2
46 10 3
45 10 4
35 10 5
29 10 6
28 10 7
99 11 0
98 11 1
47 11 2
44 11 3
32 11 4
33 11 5
30 11 6
31 11 7
52 12 0
53 12 1
51 12 2
50 12 3
43 12 4
42 12 5
