111 -67.416206 35.916687
121 -53.602242 40.989067
131 -62.018288 21.176970
141 -74.582848 10.595787
211 -50.595154 19.519251
221 -38.599728 20.043873
231 -41.416420 2.283216
241 -53.280643 -0.261772
311 -33.790501 49.930138
321 -32.014336 35.268585
331 -21.679966 31.368065
341 -43.684467 36.578434
411 -26.997990 18.107347
421 -15.084751 16.453575
431 -15.930935 2.414500
441 -28.824663 2.862587
511 -21.861498 57.939636
521 -9.506709 62.119865
531 -8.616095 51.808380
541 -21.240477 46.363430
611 -8.782405 40.647827
621 3.032724 29.760933
631 -3.094766 17.200909
641 -9.199021 29.131405
711 -3.246834 4.193846
721 9.314525 4.073887
731 9.387173 -8.088106
741 -3.422897 -8.019942
811 3.037592 63.507698
821 3.034455 53.141838
911 15.504830 62.155254
921 27.967310 57.908710
931 27.254196 46.389683
941 14.661931 51.858044
1011 3.032913 42.169956
1021 14.751018 40.654079
1031 15.123913 29.148697
1041 9.200539 17.295620
1111 21.014965 16.412239
1121 32.958527 18.062130
1131 34.757563 2.727141
1141 21.882982 2.537700
1211 39.958897 49.888790
1221 49.923473 36.414738
1231 38.014336 35.268585
1241 27.600079 31.398149
1311 44.599728 20.043867
1321 56.558392 19.387651
1331 59.420483 -0.419475
1341 47.371586 2.283183
1411 59.704369 41.063030
1421 73.119286 36.343739
1431 80.438919 10.835863
1441 67.883209 21.062304
1511 -65.298943 -2.207253
1521 -61.281609 -22.907852
1531 -65.702820 -37.652336
1541 -73.907913 -14.918098
1611 -50.916454 -17.812164
1621 -39.631779 -13.820436
1631 -31.896103 -28.078358
1641 -42.859089 -33.676094
1711 -50.796040 -56.582275
1721 -51.188797 -41.557373
1731 -35.902962 -55.779526
1741 -31.408134 -69.949036
1811 -27.801163 -11.268716
1821 -15.685101 -10.119589
1831 -3.600111 -19.690945
1841 -18.483526 -24.350609
1911 -19.866816 -38.350040
1921 -14.513481 -53.855225
1931 -17.428471 -64.875893
1941 -30.237587 -45.944530
2011 -4.441930 -31.808243
2021 10.357624 -31.789736
2031 10.645295 -43.790749
2041 -4.645079 -43.744335
2111 2.947649 -56.389515
2121 3.000001 -67.862061
2131 14.918572 -76.941826
2141 -8.987089 -76.928932
2211 21.641460 -10.079389
2221 33.786499 -11.169980
2231 24.501518 -24.449615
2241 9.641699 -19.706125
2311 25.852789 -38.371220
2321 36.078903 -45.974960
2331 23.363274 -64.865387
2341 20.329920 -53.880260
2411 45.644810 -13.675139
2421 56.812263 -17.901899
2431 48.694180 -33.778580
2441 37.896111 -28.078348
2511 41.812634 -55.800888
2521 57.171906 -41.481274
2531 56.704624 -56.632656
2541 37.320171 -69.984848
2611 71.137360 -2.202045
2621 79.822243 -14.829140
2631 71.490112 -37.832645
2641 67.220192 -22.885981
